922
385 395
72 2
506 46
771 19
255 259
185 368
205 382
88 364
708 161
138 781
330 745
378 397
894 130
584 922
816 558
23 637
355 187
444 905
110 378
51 597
79 102
363 223
432 95
306 272
147 25
369 662
209 287
51 565
153 394
595 420
713 19
545 151
36 311
116 154
888 397
459 638
627 155
690 425
18 164
64 162
919 902
441 148
799 792
80 85
689 865
861 601
273 83
379 193
411 471
580 96
732 830
18 437
645 157
624 76
14 81
802 88
268 131
887 824
371 401
517 212
438 421
589 336
129 660
217 289
591 409
418 607
103 214
189 444
516 537
34 92
224 241
136 90
43 78
100 143
255 620
19 105
554 312
858 649
60 728
63 120
822 162
84 32
329 187
49 381
489 473
776 80
96 203
287 583
456 172
570 286
606 168
406 667
92 467
357 232
272 167
79 28
236 247
196 531
376 572
228 231
6 7
567 164
439 323
274 237
692 482
25 109
200 425
375 431
88 139
42 107
351 201
184 43
218 668
456 535
673 41
244 59
477 347
443 198
389 166
50 1
43 24
290 921
754 8
707 314
289 853
303 470
116 249
21 89
255 163
12 198
40 144
418 808
17 359
310 334
643 179
440 787
154 303
9 17
138 85
106 57
512 251
884 473
150 269
890 412
230 238
658 58
93 12
293 433
279 342
219 738
7 56
152 17
70 45
383 435
90 224
11 319
717 476
735 299
348 233
720 606
608 387
34 298
796 20
677 209
263 99
12 7
122 398
296 521
251 118
330 37
731 397
7 240
260 157
737 107
670 553
356 534
612 344
540 385
503 448
899 586
150 24
882 435
242 206
837 385
27 684
12 96
740 446
829 422
365 32
16 11
91 83
288 285
4 71
109 320
293 208
338 886
352 87
586 256
24 211
134 284
826 173
61 813
508 259
1 8
180 97
668 710
516 175
427 201
174 117
5 6
362 305
587 618
282 47
409 831
4 14
11 442
442 866
820 563
429 313
514 242
63 1
29 76
130 75
94 93
366 859
616 359
574 503
756 901
445 102
118 123
297 92
311 409
40 1
70 207
392 651
6 380
265 571
386 696
339 485
490 366
763 727
687 685
122 453
601 725
593 482
527 411
479 313
121 356
257 388
230 876
163 34
232 113
811 331
5 134
350 387
111 185
686 657
777 731
33 49
234 202
187 743
789 797
164 316
77 22
564 263
90 402
237 350
582 505
34 7
420 90
45 679
169 145
243 140
423 324
711 331
552 533
61 588
278 22
847 35
69 647
532 721
621 845
43 642
850 436
490 558
403 191
285 38
376 551
465 322
89 140
755 314
312 263
307 159
51 2
349 434
426 256
39 27
587 376
157 93
604 477
841 491
390 348
83 23
182 1
819 686
237 544
199 79
90 376
253 603
653 913
112 383
325 605
8 35
716 477
274 314
440 240
9 146
85 206
794 79
26 126
317 45
357 782
285 547
106 557
275 185
800 908
407 350
648 783
805 107
317 909
372 241
870 42
778 635
58 26
296 369
147 168
173 166
414 267
267 835
21 488
838 11
851 133
665 415
3 73
201 635
717 791
286 806
16 95
895 509
57 204
405 154
798 423
65 58
756 570
36 339
189 194
188 1
364 396
814 749
48 57
289 671
7 9
619 421
233 44
548 53
52 417
286 518
157 315
391 63
286 386
77 644
116 45
504 454
2 1
640 444
289 291
147 171
464 427
1 5
605 906
207 559
189 47
7 22
891 135
760 229
4 3
366 87
674 225
125 412
436 178
800 312
292 261
581 174
452 675
126 302
13 159
170 33
138 346
654 358
14 556
193 226
337 135
154 549
599 443
43 869
277 765
294 296
211 560
78 222
193 117
421 100
719 23
852 63
28 22
179 332
39 68
95 266
334 481
249 300
126 730
250 790
195 210
235 110
257 208
283 418
125 48
308 261
262 742
16 36
873 593
147 410
746 142
430 854
76 135
64 631
70 137
477 824
849 134
318 287
571 610
267 64
252 88
248 242
550 398
374 362
404 496
27 600
671 856
520 105
53 151
621 513
3 1
100 299
24 385
225 123
283 16
89 186
179 68
195 65
63 177
418 507
295 322
723 780
117 102
144 706
329 770
204 473
549 579
119 392
377 422
729 281
367 65
302 304
176 44
44 1
492 99
757 377
539 346
494 27
168 178
486 245
109 463
406 19
511 804
602 113
239 171
68 495
576 818
157 377
258 704
793 619
575 502
460 701
47 129
509 10
702 131
326 99
883 709
110 1
23 115
700 810
227 108
611 228
313 248
449 178
896 217
82 112
733 5
98 491
10 347
860 91
395 834
623 309
153 1
482 224
452 183
21 32
527 900
37 32
478 100
119 80
916 594
55 400
221 213
151 223
250 483
41 62
254 462
280 176
892 229
461 119
297 750
22 108
714 751
245 628
16 67
56 237
610 748
264 47
155 261
7 18
633 102
115 156
16 23
277 259
54 468
194 305
90 59
460 144
129 270
11 807
498 117
543 193
86 79
497 273
833 194
689 502
779 354
879 141
10 1
832 462
669 249
66 36
345 30
265 13
630 122
480 722
151 416
639 437
828 77
734 139
410 424
590 376
817 137
489 871
33 11
113 44
134 676
659 257
202 138
619 914
457 359
9 904
784 130
44 286
17 21
843 3
148 149
133 230
75 41
366 648
1 30
331 208
216 2
217 162
43 161
795 406
566 323
917 277
175 212
436 594
391 893
828 915
15 8
484 245
655 528
200 135
823 153
28 294
27 6
531 741
23 187
371 399
99 761
24 52
220 563
255 301
342 615
317 749
626 128
423 472
114 181
507 712
592 747
191 31
389 863
14 19
56 59
217 474
266 281
111 577
103 67
636 38
192 81
120 510
219 10
91 533
113 652
546 392
736 381
254 192
877 51
16 336
142 23
314 411
487 19
857 301
125 709
514 758
197 187
18 46
133 114
100 32
78 88
127 703
393 94
8 290
165 126
511 26
609 317
89 341
329 358
54 61
408 29
309 290
505 256
9 41
918 35
496 528
159 466
29 3
213 69
177 499
236 209
354 51
774 355
451 182
486 526
584 875
205 138
542 371
907 486
488 672
540 767
176 515
809 143
788 597
480 117
98 43
592 218
789 721
678 55
54 19
342 815
101 70
15 38
18 69
448 213
94 127
732 688
181 513
120 617
198 454
37 167
69 122
122 522
160 601
698 400
576 288
803 68
59 428
18 24
141 21
34 64
259 419
423 614
321 912
752 180
862 804
672 681
573 881
308 450
718 429
72 333
343 6
348 371
34 324
215 69
132 131
695 14
656 212
227 455
23 361
246 842
28 74
353 171
241 250
693 249
868 317
764 441
160 201
264 321
768 206
341 801
130 726
338 212
394 714
253 102
404 382
55 47
627 897
44 271
723 397
263 349
57 519
92 99
287 553
276 11
646 400
111 57
245 150
683 724
1 573
23 258
381 657
649 64
327 85
155 80
592 625
384 848
437 458
697 74
286 529
903 7
18 246
175 116
172 82
505 821
523 598
415 283
188 209
71 613
263 568
596 134
694 626
538 288
867 297
42 19
790 827
259 501
502 396
783 792
19 25
102 148
155 413
688 366
448 650
610 715
266 373
307 855
121 71
128 49
737 786
32 663
180 370
469 228
12 836
34 328
138 500
58 569
253 360
97 60
206 228
295 117
727 630
584 389
46 114
279 250
152 536
430 920
208 1
585 222
90 622
493 414
301 555
5 220
247 523
785 439
864 106
47 6
322 524
310 108
10 48
249 846
113 459
691 636
700 456
219 889
102 158
731 753
562 152
197 430
53 23
24 26
772 839
