3526.80826656
3597.84537656
3696.91378656
3811.94072656
3959.00913656
4016.03059656
4202.10990656
4299.16266656
4413.20559656
4550.26450656
4663.34856656
4791.40714656
4906.43408656
4993.46611656
5107.50904656
5204.56180656
5333.60439656
5461.69935656
5592.73984656
5729.79875656
5843.84168656
6006.90501656
6109.91420656
6180.95131656
6309.99390656
6424.03683656
6521.08959656
6578.11105656
6725.17946656
6853.27442656
6940.30645656
7055.33339656
7158.34258656
7273.36952656
7386.45358656
7533.52199656
7689.62310656
7852.68643656
8038.76574656
8095.78720656
8224.82979656
8339.85673656
8467.95169656
8565.00445656
8678.08851656
8834.18962656
8935.23730656
9098.30063656
9261.36396656
9332.40107656
9429.45383656
9516.48586656
9672.58697656
9743.62408656
9800.64554656
9857.66700656
9988.70749656
10116.8024566
10229.8865166
10385.9876266
10523.0465366
10709.1258466
10872.1891766
10969.2419366
11116.3103466
11229.3944066
11300.4315166
11399.4999266
11555.6010366
11702.6694466
11830.7644066
11929.8328166
12043.8757466
12100.8972066
12157.9186666
12304.9870766
12434.0296666
12620.1089766
12749.1515666
12912.2148966
13025.2989566
13112.3309866
13259.3993966
13445.4787066
13573.5736666
13688.6006066
13816.6591866
14002.7384966
14133.7789866
14234.8266666
14348.8695966
14477.9121866
14606.0071466
14792.0864566
14920.1450366
